
CG=[0;0;0];

mass = 38;
momentInertia = [3.46,0,-0.28;0,10,0;-0.28,0,13];
acc_g = 9.8;

h0 = 1;
V0 = 40;
